-3.522133 0.848084
-3.505200 0.854009
-3.488267 0.826490
-3.471333 0.826757
-3.454400 0.830194
-3.437467 0.831991
-3.420533 0.831496
-3.403600 0.836288
-3.386667 0.832126
-3.369733 0.832036
-3.352800 0.836788
-3.335867 0.830150
-3.318933 0.836243
-3.302000 0.844641
-3.285067 0.843161
-3.268133 0.845662
-3.251200 0.835244
-3.234267 0.837608
-3.217333 0.853583
-3.200400 0.846406
-3.183467 0.842146
-3.166533 0.844734
-3.149600 0.839253
-3.132667 0.841593
-3.115733 0.835652
-3.098800 0.832216
-3.081867 0.848271
-3.064933 0.845244
-3.048000 0.840996
-3.031067 0.845012
-3.014133 0.841870
-2.997200 0.828450
-2.980267 0.839070
-2.963333 0.851319
-2.946400 0.843022
-2.929467 0.845940
-2.912533 0.841087
-2.895600 0.840582
-2.878667 0.840353
-2.861733 0.848130
-2.844800 0.848691
-2.827867 0.839573
-2.810933 0.840536
-2.794000 0.845708
-2.777067 0.841593
-2.760133 0.850613
-2.743200 0.848738
-2.726267 0.853252
-2.709333 0.847337
-2.692400 0.851036
-2.675467 0.841823
-2.658533 0.843900
-2.641600 0.842838
-2.624667 0.849440
-2.607733 0.844873
-2.590800 0.841547
-2.573867 0.847944
-2.556933 0.837791
-2.540000 0.842745
-2.523067 0.839573
-2.506133 0.847104
-2.489200 0.840032
-2.472267 0.842561
-2.455333 0.828762
-2.438400 0.837608
-2.421467 0.848972
-2.404533 0.845430
-2.387600 0.845383
-2.370667 0.842284
-2.353733 0.842791
-2.336800 0.839207
-2.319867 0.836288
-2.302933 0.835380
-2.286000 0.844270
-2.269067 0.842238
-2.252133 0.842422
-2.235200 0.843715
-2.218267 0.831901
-2.201333 0.837198
-2.184400 0.840996
-2.167467 0.842745
-2.150533 0.840077
-2.133600 0.850660
-2.116667 0.848411
-2.099733 0.845151
-2.082800 0.841179
-2.065867 0.852685
-2.048933 0.848832
-2.032000 0.845197
-2.015067 0.847384
-1.998133 0.840307
-1.981200 0.837335
-1.964267 0.840674
-1.947333 0.843854
-1.930400 0.838978
-1.913467 0.846871
-1.896533 0.835153
-1.879600 0.837380
-1.862667 0.837335
-1.845733 0.836697
-1.828800 0.844363
-1.811867 0.842745
-1.794933 0.854625
-1.778000 0.840950
-1.761067 0.844039
-1.744133 0.837836
-1.727200 0.854341
-1.710267 0.843808
-1.693333 0.837745
-1.676400 0.839207
-1.659467 0.855385
-1.642533 0.854293
-1.625600 0.850895
-1.608667 0.832171
-1.591733 0.832036
-1.574800 0.835607
-1.557867 0.844966
-1.540933 0.843900
-1.524000 0.849628
-1.507067 0.850895
-1.490133 0.839802
-1.473200 0.847430
-1.456267 0.843253
-1.439333 0.840720
-1.422400 0.834791
-1.405467 0.847617
-1.388533 0.844873
-1.371600 0.832486
-1.354667 0.829791
-1.337733 0.829970
-1.320800 0.840582
-1.303867 0.844317
-1.286933 0.832982
-1.270000 0.837244
-1.253067 0.837700
-1.236133 0.838613
-1.219200 0.841916
-1.202267 0.831991
-1.185333 0.846452
-1.168400 0.840996
-1.151467 0.835970
-1.134533 0.834745
-1.117600 0.847244
-1.100667 0.823478
-1.083733 0.831901
-1.066800 0.835607
-1.049867 0.843669
-1.032933 0.840169
-1.016000 0.843669
-0.999067 0.844039
-0.982133 0.852969
-0.965200 0.846033
-0.948267 0.843299
-0.931333 0.836970
-0.914400 0.838613
-0.897467 0.836106
-0.880533 0.837153
-0.863600 0.849628
-0.846667 0.839802
-0.829733 0.848084
-0.812800 0.846685
-0.795867 0.839711
-0.778933 0.839436
-0.762000 0.839848
-0.745067 0.839802
-0.728133 0.855052
-0.711200 0.846312
-0.694267 0.849909
-0.677333 0.839986
-0.660400 0.841087
-0.643467 0.838933
-0.626533 0.831946
-0.609600 0.843438
-0.592667 0.853725
-0.575733 0.853583
-0.558800 0.834383
-0.541867 0.841547
-0.524933 0.845197
-0.508000 0.840444
-0.491067 0.851978
-0.474133 0.843253
-0.457200 0.849862
-0.440267 0.844641
-0.423333 0.840032
-0.406400 0.836470
-0.389467 0.837928
-0.372533 0.840582
-0.355600 0.846452
-0.338667 0.843715
-0.321733 0.855575
-0.304800 0.846452
-0.287867 0.842838
-0.270933 0.845708
-0.254000 0.848411
-0.237067 0.863004
-0.220133 0.846918
-0.203200 0.837928
-0.186267 0.846126
-0.169333 0.840123
-0.152400 0.838613
-0.135467 0.845848
-0.118533 0.846126
-0.101600 0.845801
-0.084667 0.847570
-0.067733 0.844687
-0.050800 0.837517
-0.033867 0.845476
-0.016933 0.853300
0.000000 0.843299
0.016933 0.838613
0.033867 0.836879
0.050800 0.838933
0.067733 0.845244
0.084667 0.844224
0.101600 0.846033
0.118533 0.848972
0.135467 0.845569
0.152400 0.851601
0.169333 0.847664
0.186267 0.850754
0.203200 0.831946
0.220133 0.832937
0.237067 0.830867
0.254000 0.839482
0.270933 0.848037
0.287867 0.852780
0.304800 0.848785
0.321733 0.843854
0.338667 0.846173
0.355600 0.843299
0.372533 0.842146
0.389467 0.847617
0.406400 0.841271
0.423333 0.855480
0.440267 0.858722
0.457200 0.851931
0.474133 0.834202
0.491067 0.834655
0.508000 0.844085
0.524933 0.839344
0.541867 0.842100
0.558800 0.839757
0.575733 0.846964
0.592667 0.846592
0.609600 0.841087
0.626533 0.844873
0.643467 0.847617
0.660400 0.842838
0.677333 0.845337
0.694267 0.849253
0.711200 0.846824
0.728133 0.841133
0.745067 0.841409
0.762000 0.851554
0.778933 0.850238
0.795867 0.837426
0.812800 0.836379
0.829733 0.839986
0.846667 0.844595
0.863600 0.850895
0.880533 0.851413
0.897467 0.840858
0.914400 0.847151
0.931333 0.840399
0.948267 0.855765
0.965200 0.848925
0.982133 0.851225
0.999067 0.841593
1.016000 0.836515
1.032933 0.839665
1.049867 0.837062
1.066800 0.851178
1.083733 0.843530
1.100667 0.846964
1.117600 0.852685
1.134533 0.843022
1.151467 0.849769
1.168400 0.836970
1.185333 0.836379
1.202267 0.853016
1.219200 0.854625
1.236133 0.852497
1.253067 0.844270
1.270000 0.837928
1.286933 0.851884
1.303867 0.851413
1.320800 0.849862
1.337733 0.842884
1.354667 0.852214
1.371600 0.851507
1.388533 0.854436
1.405467 0.843022
1.422400 0.848504
1.439333 0.850848
1.456267 0.851413
1.473200 0.848084
1.490133 0.846918
1.507067 0.837472
1.524000 0.840490
1.540933 0.846406
1.557867 0.859537
1.574800 0.854246
1.591733 0.850613
1.608667 0.843484
1.625600 0.859825
1.642533 0.837928
1.659467 0.832982
1.676400 0.850425
1.693333 0.836470
1.710267 0.844687
1.727200 0.838201
1.744133 0.826935
1.761067 0.842008
1.778000 0.843530
1.794933 0.841639
1.811867 0.848551
1.828800 0.853158
1.845733 0.856812
1.862667 0.844966
1.879600 0.848925
1.896533 0.851695
1.913467 0.850895
1.930400 0.848084
1.947333 0.845430
1.964267 0.840904
1.981200 0.847477
1.998133 0.849066
2.015067 0.841639
2.032000 0.842976
2.048933 0.840858
2.065867 0.842376
2.082800 0.842515
2.099733 0.847197
2.116667 0.838475
2.133600 0.845337
2.150533 0.843669
2.167467 0.848785
2.184400 0.849253
2.201333 0.843068
2.218267 0.853205
2.235200 0.849487
2.252133 0.842100
2.269067 0.845012
2.286000 0.849066
2.302933 0.848879
2.319867 0.847850
2.336800 0.858196
2.353733 0.864844
2.370667 0.865233
2.387600 0.847664
2.404533 0.847197
2.421467 0.854957
2.438400 0.852214
2.455333 0.852827
2.472267 0.853962
2.489200 0.860017
2.506133 0.844641
2.523067 0.844687
2.540000 0.838933
2.556933 0.844317
2.573867 0.844270
2.590800 0.844595
2.607733 0.838704
2.624667 0.837517
2.641600 0.842884
2.658533 0.840353
2.675467 0.845151
2.692400 0.851413
2.709333 0.843161
2.726267 0.839161
2.743200 0.847477
2.760133 0.841501
2.777067 0.852025
2.794000 0.853489
2.810933 0.848317
2.827867 0.845801
2.844800 0.845894
2.861733 0.848271
2.878667 0.846266
2.895600 0.841041
2.912533 0.845894
2.929467 0.849113
2.946400 0.852827
2.963333 0.850238
2.980267 0.845662
2.997200 0.848130
3.014133 0.835244
3.031067 0.849066
3.048000 0.851695
3.064933 0.838338
3.081867 0.834972
3.098800 0.840766
3.115733 0.850660
3.132667 0.845894
3.149600 0.839253
3.166533 0.846545
3.183467 0.845801
3.200400 0.852497
3.217333 0.850050
3.234267 0.847197
3.251200 0.857336
3.268133 0.856526
3.285067 0.853111
3.302000 0.860930
3.318933 0.853962
3.335867 0.850472
3.352800 0.848130
3.369733 0.844409
3.386667 0.844224
3.403600 0.848317
3.420533 0.844270
3.437467 0.849113
3.454400 0.852402
3.471333 0.852638
3.488267 0.850144
3.505200 0.846592
3.522133 0.853631
3.539067 0.842054
3.556000 0.832171
